20141028
20141029
20141030
20141031
20141101
20141102
20141103
20141104
20141105
20141106
20141107
20141108
20141109
20141110
20141111
20141112
20141113
20141114
20141115
20141116
20141117
20141118
20141119
20141120
20141121
20141122
20141123
20141124
20141125
20141126
20141128
20141129
20141130
20141201
20141202
20141203
20141204
20141205
20141206
20141207
20141208
20141209
20141210
20141211
20141212
20141213
20141214
20141215
20141216
20141217
20141218
20141219
20141220
20141221
20141222
20141223
20141225
20141226
20141227
20141228
20141229
20141230
20141231
20150101
20150102
20150103
20150104
20150105
20150106
20150107
20150108
20150109
20150110
20150111
20150112
20150113
20150114
20150115
20150116
20150117
20150118
20150119
20150120
20150121
20150122
20150123
20150124
20150125
20150126
20150127
20150128
20150129
20150130
20150131
20150201
20150202
20150203
20150204
20150205
20150206
20150207
20150208
20150209
20150210
20150211
20150212
20150219
20150220
20150221
20150222
20150223
20150224
20150225
20150226
20150227
20150228
20150301
20150302
20150303
20150304
20150305
20150306
20150307
20150308
20150309
20150310
20150311
20150312
20150313
20150314
20150315
20150316
20150317
20150318
20150319
20150320
20150321
20150322
20150323
20150324
20150325
20150326
20150327
20150328
20150329
20150330
20150331
20150401
20150402
20150403
20150404
20150405
20150406
20150407
20150408
20150409
20150410
20150411
20150412
20150413
20150414
20150415
20150418
20150419
20150420
20150421
20150422
20150423
20150424
20150425
20150426
20150427
20150428
20150429
20150430
20150501
20150502
20150503
20150504
20150505
20150506
20150508
20150509
20150510
20150511
20150512
20150513
20150514
20150515
20150517
20150519
20150520
20150521
20150522
20150523
20150524
20150525
20150526
20150527
20150604
20150607
20150609
20150611
20150614
20150616
20151027
20151028
20151029
20151030
20151031
20151101
20151102
20151103
20151104
20151105
20151106
20151107
20151108
20151109
20151110
20151111
20151112
20151113
20151114
20151115
20151116
20151117
20151118
20151119
20151120
20151121
20151122
20151123
20151124
20151125
20151127
20151128
20151129
20151130
20151201
20151202
20151203
20151204
20151205
20151206
20151207
20151208
20151209
20151210
20151211
20151212
20151213
20151214
20151215
20151216
20151217
20151218
20151219
20151220
20151221
20151222
20151223
20151225
20151226
20151227
20151228
20151229
20151230
20151231
20160101
20160102
20160103
20160104
20160105
20160106
20160107
20160108
20160109
20160110
20160111
20160112
20160113
20160114
20160115
20160116
20160117
20160118
20160119
20160120
20160121
20160122
20160123
20160124
20160125
20160126
20160127
20160128
20160129
20160130
20160131
20160201
20160202
20160203
20160204
20160205
20160206
20160207
20160208
20160209
20160210
20160211
20160218
20160219
20160220
20160221
20160222
20160223
20160224
20160225
20160226
20160227
20160228
20160229
20160301
20160302
20160303
20160304
20160305
20160306
20160307
20160308
20160309
20160310
20160311
20160312
20160313
20160314
20160315
20160316
20160317
20160318
20160319
20160320
20160321
20160322
20160323
20160324
20160325
20160326
20160327
20160328
20160329
20160330
20160331
20160401
20160402
20160403
20160405
20160406
20160407
20160408
20160409
20160410
20160411
20160412
20160413
20160416
20160417
20160418
20160419
20160420
20160421
20160422
20160423
20160424
20160425
20160426
20160427
20160428
20160429
20160430
20160501
20160502
20160503
20160504
20160505
20160506
20160507
20160508
20160509
20160510
20160511
20160512
20160513
20160515
20160516
20160517
20160518
20160519
20160521
20160522
20160523
20160524
20160525
20160526
20160527
20160528
20160530
20160602
20160605
20160608
20160610
20160613
20160616
20160619
20161025
20161026
20161027
20161028
20161029
20161030
20161031
20161101
20161102
20161103
20161104
20161105
20161106
20161107
20161108
20161109
20161110
20161111
20161112
20161113
20161114
20161115
20161116
20161117
20161118
20161119
20161120
20161121
20161122
20161123
20161125
20161126
20161127
20161128
20161129
20161130
20161201
20161202
20161203
20161204
20161205
20161206
20161207
20161208
20161209
20161210
20161211
20161212
20161213
20161214
20161215
20161216
20161217
20161218
20161219
20161220
20161221
20161222
20161223
20161225
20161226
20161227
20161228
20161229
20161230
20161231
20170101
20170102
20170103
20170104
20170105
20170106
20170107
20170108
20170109
20170110
20170111
20170112
20170113
20170114
20170115
20170116
20170117
20170118
20170119
20170120
20170121
20170122
20170123
20170124
20170125
20170126
20170127
20170128
20170129
20170130
20170131
20170201
20170202
