20161025
20161026
20161027
20161028
20161029
20161030
20161031
20161101
20161102
20161103
20161104
20161105
20161106
20161107
20161108
20161109
20161110
20161111
20161112
20161113
20161114
20161115
20161116
20161117
20161118
20161119
20161120
20161121
20161122
20161123
20161125
20161126
20161127
20161128
20161129
20161130
20161201
20161202
20161203
20161204
20161205
20161206
20161207
20161208
20161209
20161210
20161211
20161212
20161213
20161214
20161215
20161216
20161217
20161218
20161219
20161220
20161221
20161222
20161223
20161225
20161226
20161227
20161228
20161229
20161230
20161231
20170101
20170102
20170103
20170104
20170105
20170106
20170107
20170108
20170109
20170110
20170111
20170112
20170113
20170114
20170115
20170116
20170117
20170118
20170119
20170120
20170121
20170122
20170123
20170124
20170125
20170126
20170127
20170128
20170129
20170130
20170131
20170201
20170202
